1 0.000001 0.000003 
2 0.000002 0.000002 
3 0.000001 0.000002 
4 0.000002 0.000002 
5 0.000002 0.000001 
6 0.000002 0.000001 
7 0.000002 0.000001 
8 0.000002 0.000001 
9 0.000002 0.000001 
10 0.000002 0.000001 
11 0.000003 0.000001 
12 0.000003 0.000001 
13 0.000002 0.000001 
14 0.000003 0.000001 
15 0.000003 0.000001 
16 0.000003 0.000001 
17 0.000004 0.000001 
18 0.000004 0.000001 
19 0.000005 0.000001 
20 0.000005 0.000001 
21 0.000006 0.000001 
22 0.000006 0.000001 
23 0.000006 0.000001 
24 0.000006 0.000001 
25 0.000005 0.000002 
26 0.000007 0.000001 
27 0.000008 0.000001 
28 0.000009 0.000001 
29 0.000007 0.000001 
30 0.000007 0.000001 
31 0.000008 0.000001 
32 0.000008 0.000001 
33 0.000009 0.000001 
34 0.000009 0.000001 
35 0.000009 0.000001 
36 0.000010 0.000001 
37 0.000010 0.000001 
38 0.000011 0.000002 
39 0.000011 0.000001 
40 0.000012 0.000001 
41 0.000012 0.000001 
42 0.000012 0.000001 
43 0.000014 0.000001 
44 0.000014 0.000001 
45 0.000015 0.000001 
46 0.000015 0.000002 
47 0.000016 0.000001 
48 0.000014 0.000001 
49 0.000012 0.000001 
50 0.000020 0.000002 
51 0.000024 0.000001 
52 0.000019 0.000001 
53 0.000020 0.000001 
54 0.000020 0.000001 
55 0.000021 0.000001 
56 0.000022 0.000002 
57 0.000022 0.000002 
58 0.000022 0.000001 
59 0.000024 0.000001 
60 0.000024 0.000002 
61 0.000025 0.000001 
62 0.000026 0.000002 
63 0.000026 0.000001 
64 0.000028 0.000002 
65 0.000028 0.000001 
66 0.000029 0.000001 
67 0.000030 0.000028 
68 0.000031 0.000002 
69 0.000032 0.000001 
70 0.000032 0.000001 
71 0.000033 0.000002 
72 0.000034 0.000001 
73 0.000035 0.000001 
74 0.000036 0.000001 
75 0.000037 0.000001 
76 0.000038 0.000001 
77 0.000039 0.000001 
78 0.000040 0.000002 
79 0.000041 0.000001 
80 0.000042 0.000001 
81 0.000043 0.000002 
82 0.000044 0.000001 
83 0.000045 0.000002 
84 0.000046 0.000001 
85 0.000047 0.000002 
86 0.000048 0.000002 
87 0.000049 0.000002 
88 0.000051 0.000002 
89 0.000051 0.000001 
90 0.000052 0.000002 
91 0.000053 0.000002 
92 0.000055 0.000002 
93 0.000075 0.000002 
94 0.000062 0.000003 
95 0.000080 0.000003 
96 0.000080 0.000002 
97 0.000061 0.000002 
98 0.000062 0.000002 
99 0.000068 0.000002 
100 0.000085 0.000002 
101 0.000068 0.000002 
102 0.000067 0.000001 
103 0.000068 0.000002 
104 0.000090 0.000002 
105 0.000071 0.000001 
106 0.000073 0.000002 
107 0.000073 0.000001 
108 0.000075 0.000001 
109 0.000076 0.000002 
110 0.000077 0.000002 
111 0.000078 0.000001 
112 0.000079 0.000002 
113 0.000081 0.000002 
114 0.000083 0.000002 
115 0.000096 0.000002 
116 0.000122 0.000002 
117 0.000104 0.000004 
118 0.000112 0.000002 
119 0.000099 0.000002 
120 0.000091 0.000002 
121 0.000092 0.000002 
122 0.000094 0.000002 
123 0.000095 0.000002 
124 0.000097 0.000002 
125 0.000100 0.000002 
126 0.000100 0.000002 
127 0.000101 0.000002 
128 0.000103 0.000002 
129 0.000104 0.000001 
130 0.000108 0.000002 
131 0.000118 0.000002 
132 0.000132 0.000003 
133 0.000127 0.000002 
134 0.000113 0.000002 
135 0.000114 0.000002 
136 0.000116 0.000002 
137 0.000117 0.000002 
138 0.000120 0.000001 
139 0.000122 0.000003 
140 0.000123 0.000002 
141 0.000124 0.000002 
142 0.000126 0.000002 
143 0.000128 0.000002 
144 0.000131 0.000002 
145 0.000192 0.000003 
146 0.000157 0.000002 
147 0.000135 0.000002 
148 0.000138 0.000002 
149 0.000139 0.000002 
150 0.000142 0.000002 
151 0.000143 0.000003 
152 0.000145 0.000002 
153 0.000160 0.000002 
154 0.000164 0.000002 
155 0.000165 0.000002 
156 0.000167 0.000003 
157 0.000169 0.000002 
158 0.000172 0.000002 
159 0.000183 0.000003 
160 0.000214 0.000002 
161 0.000177 0.000003 
162 0.000164 0.000002 
163 0.000165 0.000002 
164 0.000170 0.000002 
165 0.000170 0.000002 
166 0.000203 0.000002 
167 0.000216 0.000002 
168 0.000191 0.000002 
169 0.000190 0.000002 
170 0.000194 0.000002 
171 0.000193 0.000002 
172 0.000196 0.000002 
173 0.000197 0.000003 
174 0.000204 0.000002 
175 0.000202 0.000002 
176 0.000209 0.000003 
177 0.000208 0.000002 
178 0.000211 0.000002 
179 0.000211 0.000003 
180 0.000217 0.000002 
181 0.000288 0.000003 
182 0.000205 0.000003 
183 0.000207 0.000002 
184 0.000211 0.000003 
185 0.000212 0.000002 
186 0.000215 0.000002 
187 0.000217 0.000003 
188 0.000219 0.000002 
189 0.000221 0.000002 
190 0.000223 0.000002 
191 0.000226 0.000002 
192 0.000230 0.000002 
193 0.000231 0.000002 
194 0.000234 0.000002 
195 0.000235 0.000002 
196 0.000330 0.000003 
197 0.000300 0.000003 
198 0.000304 0.000004 
199 0.000270 0.000003 
200 0.000248 0.000002 
201 0.000250 0.000003 
202 0.000253 0.000003 
203 0.000255 0.000002 
204 0.000257 0.000002 
205 0.000315 0.000003 
206 0.000262 0.000004 
207 0.000265 0.000002 
208 0.000322 0.000003 
209 0.000270 0.000002 
210 0.000273 0.000003 
211 0.000275 0.000003 
212 0.000277 0.000002 
213 0.000280 0.000003 
214 0.000282 0.000003 
215 0.000385 0.000002 
216 0.000288 0.000003 
217 0.000290 0.000003 
218 0.000294 0.000002 
219 0.000500 0.000002 
220 0.000299 0.000003 
221 0.000301 0.000002 
222 0.000305 0.000003 
223 0.000308 0.000003 
224 0.000311 0.000002 
225 0.000313 0.000003 
226 0.000315 0.000003 
227 0.000363 0.000003 
228 0.000322 0.000005 
229 0.000328 0.000003 
230 0.000327 0.000003 
231 0.000363 0.000003 
232 0.000351 0.000004 
233 0.000425 0.000004 
234 0.000463 0.000004 
235 0.000486 0.000004 
236 0.000383 0.000003 
237 0.000347 0.000003 
238 0.000349 0.000003 
239 0.000351 0.000003 
240 0.000355 0.000003 
241 0.000357 0.000003 
242 0.000360 0.000003 
243 0.000363 0.000003 
244 0.000367 0.000003 
245 0.000369 0.000003 
246 0.000489 0.000003 
247 0.000375 0.000003 
248 0.000387 0.000004 
249 0.000518 0.000005 
250 0.000524 0.000004 
251 0.000420 0.000003 
252 0.000425 0.000003 
253 0.000451 0.000003 
254 0.000397 0.000003 
255 0.000399 0.000003 
256 0.000403 0.000003 
257 0.000406 0.000003 
258 0.000446 0.000003 
259 0.000412 0.000003 
260 0.000416 0.000003 
261 0.000418 0.000003 
262 0.000422 0.000003 
263 0.000425 0.000003 
264 0.000428 0.000003 
265 0.000431 0.000003 
266 0.000497 0.000004 
267 0.000438 0.000004 
268 0.000454 0.000004 
269 0.000444 0.000003 
270 0.000447 0.000003 
271 0.000758 0.000004 
272 0.000455 0.000004 
273 0.000457 0.000003 
274 0.000487 0.000003 
275 0.000463 0.000004 
276 0.000603 0.000003 
277 0.000470 0.000003 
278 0.000474 0.000003 
279 0.000476 0.000003 
280 0.000481 0.000003 
281 0.000483 0.000003 
282 0.000488 0.000003 
283 0.000491 0.000003 
284 0.000519 0.000003 
285 0.000497 0.000003 
286 0.000502 0.000003 
287 0.000504 0.000003 
288 0.000509 0.000003 
289 0.000537 0.000003 
290 0.000516 0.000003 
291 0.000612 0.000004 
292 0.000523 0.000003 
293 0.000525 0.000003 
294 0.000530 0.000003 
295 0.000533 0.000005 
296 0.000537 0.000004 
297 0.000539 0.000004 
298 0.000567 0.000003 
299 0.000547 0.000003 
300 0.000553 0.000004 
301 0.000675 0.000003 
302 0.000613 0.000003 
303 0.000561 0.000004 
304 0.000566 0.000004 
305 0.000569 0.000003 
306 0.000574 0.000004 
307 0.000707 0.000003 
308 0.000591 0.000004 
309 0.000583 0.000003 
310 0.000617 0.000005 
311 0.000629 0.000004 
312 0.000596 0.000003 
313 0.000600 0.000004 
314 0.000603 0.000003 
315 0.000607 0.000004 
316 0.000611 0.000004 
317 0.000614 0.000006 
318 0.000619 0.000004 
319 0.000622 0.000003 
320 0.000627 0.000003 
321 0.000848 0.000004 
322 0.000705 0.000003 
323 0.000647 0.000004 
324 0.000518 0.000003 
325 0.000690 0.000004 
326 0.000658 0.000003 
327 0.000665 0.000004 
328 0.000684 0.000003 
329 0.000669 0.000003 
330 0.000685 0.000004 
331 0.000670 0.000004 
332 0.000529 0.000003 
333 0.000712 0.000005 
334 0.000696 0.000004 
335 0.000778 0.000003 
336 0.000727 0.000004 
337 0.000693 0.000005 
338 0.000706 0.000003 
339 0.000708 0.000004 
340 0.000735 0.000003 
341 0.000719 0.000003 
342 0.000758 0.000003 
343 0.000900 0.000003 
344 0.000735 0.000004 
345 0.000735 0.000004 
346 0.000799 0.000003 
347 0.000768 0.000003 
348 0.000752 0.000002 
349 0.000783 0.000003 
350 0.000747 0.000003 
351 0.000750 0.000003 
352 0.000773 0.000003 
353 0.000752 0.000003 
354 0.000756 0.000003 
355 0.000763 0.000003 
356 0.000783 0.000003 
357 0.000772 0.000023 
358 0.000786 0.000003 
359 0.000775 0.000003 
360 0.000881 0.000003 
361 0.000781 0.000003 
362 0.000949 0.000005 
363 0.000754 0.000003 
364 0.000810 0.000003 
365 0.000796 0.000003 
366 0.000820 0.000003 
367 0.000813 0.000003 
368 0.000810 0.000003 
369 0.000922 0.000005 
370 0.000831 0.000003 
371 0.000827 0.000004 
372 0.000834 0.000003 
373 0.000856 0.000003 
374 0.000843 0.000003 
375 0.000829 0.000003 
376 0.000839 0.000003 
377 0.000847 0.000004 
378 0.000888 0.000003 
379 0.000862 0.000004 
380 0.000871 0.000003 
381 0.000859 0.000004 
382 0.000869 0.000003 
383 0.000858 0.000003 
384 0.000878 0.000004 
385 0.000888 0.000003 
386 0.000870 0.000003 
387 0.000905 0.000003 
388 0.000913 0.000003 
389 0.000908 0.000003 
390 0.000903 0.000003 
391 0.000889 0.000003 
392 0.000906 0.000003 
393 0.000890 0.000003 
394 0.000954 0.000003 
395 0.000927 0.000003 
396 0.000904 0.000003 
397 0.001087 0.000003 
398 0.000923 0.000004 
399 0.000922 0.000003 
400 0.000927 0.000003 
401 0.000966 0.000003 
402 0.000958 0.000003 
403 0.000928 0.000003 
404 0.000954 0.000003 
405 0.000936 0.000004 
406 0.000963 0.000006 
407 0.000965 0.000003 
408 0.001020 0.000003 
409 0.000964 0.000003 
410 0.000966 0.000003 
411 0.000967 0.000004 
412 0.001128 0.000005 
413 0.000962 0.000004 
414 0.001004 0.000003 
415 0.000984 0.000004 
416 0.001011 0.000004 
417 0.000984 0.000003 
418 0.001000 0.000003 
419 0.001001 0.000003 
420 0.000988 0.000003 
421 0.001099 0.000004 
422 0.001017 0.000004 
423 0.001001 0.000004 
424 0.001031 0.000004 
425 0.001007 0.000004 
426 0.001033 0.000004 
427 0.001288 0.000005 
428 0.001027 0.000004 
429 0.001129 0.000004 
430 0.001028 0.000003 
431 0.001050 0.000004 
432 0.001043 0.000004 
433 0.001059 0.000004 
434 0.001067 0.000004 
435 0.001131 0.000003 
436 0.001069 0.000004 
437 0.001058 0.000004 
438 0.001091 0.000003 
439 0.001090 0.000004 
440 0.001164 0.000004 
441 0.001128 0.000003 
442 0.001127 0.000004 
443 0.001078 0.000004 
444 0.001091 0.000004 
445 0.001152 0.000004 
446 0.001107 0.000004 
447 0.001187 0.000003 
448 0.001144 0.000004 
449 0.001142 0.000004 
450 0.001177 0.000003 
451 0.000965 0.000003 
452 0.001128 0.000004 
453 0.001147 0.000013 
454 0.001176 0.000004 
455 0.001209 0.000004 
456 0.001146 0.000004 
457 0.001145 0.000003 
458 0.001167 0.000003 
459 0.001149 0.000004 
460 0.001224 0.000004 
461 0.001159 0.000003 
462 0.001198 0.000004 
463 0.001186 0.000004 
464 0.001186 0.000004 
465 0.001203 0.000004 
466 0.001196 0.000004 
467 0.001311 0.000004 
468 0.001243 0.000004 
469 0.001191 0.000004 
470 0.001206 0.000004 
471 0.001280 0.000004 
472 0.001213 0.000004 
473 0.001269 0.000004 
474 0.001232 0.000003 
475 0.001251 0.000004 
476 0.001249 0.000003 
477 0.001249 0.000004 
478 0.001576 0.000005 
479 0.001241 0.000004 
480 0.001280 0.000004 
481 0.001272 0.000003 
482 0.001247 0.000004 
483 0.001340 0.000004 
484 0.001264 0.000004 
485 0.001285 0.000004 
486 0.001317 0.000004 
487 0.001267 0.000004 
488 0.001348 0.000004 
489 0.001285 0.000004 
490 0.001462 0.000006 
491 0.001288 0.000005 
492 0.001335 0.000004 
493 0.001381 0.000004 
494 0.001326 0.000004 
495 0.001332 0.000007 
496 0.001335 0.000005 
497 0.001441 0.000004 
498 0.001342 0.000004 
499 0.001449 0.000004 
500 0.001374 0.000004 
501 0.001504 0.000004 
502 0.001378 0.000004 
503 0.001355 0.000004 
504 0.001451 0.000004 
505 0.001367 0.000004 
506 0.001397 0.000004 
507 0.001516 0.000004 
508 0.001387 0.000004 
509 0.001379 0.000004 
510 0.001379 0.000004 
511 0.001474 0.000004 
512 0.001640 0.000004 
513 0.001514 0.000004 
514 0.001507 0.000005 
515 0.001402 0.000004 
516 0.001695 0.000005 
517 0.002097 0.000006 
518 0.001674 0.000004 
519 0.001416 0.000004 
520 0.001452 0.000005 
521 0.001561 0.000004 
522 0.001533 0.000004 
523 0.001438 0.000004 
524 0.001455 0.000004 
525 0.001547 0.000004 
526 0.001453 0.000004 
527 0.001474 0.000004 
528 0.001487 0.000004 
529 0.001476 0.000004 
530 0.001500 0.000005 
531 0.001753 0.000007 
532 0.001518 0.000005 
533 0.001527 0.000004 
534 0.001594 0.000004 
535 0.001527 0.000004 
536 0.001511 0.000004 
537 0.001660 0.000004 
538 0.001532 0.000005 
539 0.002310 0.000007 
540 0.001550 0.000006 
541 0.001552 0.000005 
542 0.001540 0.000005 
543 0.001635 0.000005 
544 0.001543 0.000004 
545 0.001593 0.000005 
546 0.001578 0.000004 
547 0.001579 0.000004 
548 0.001611 0.000005 
549 0.001587 0.000004 
550 0.001683 0.000004 
551 0.001586 0.000004 
552 0.001597 0.000004 
553 0.001593 0.000004 
554 0.001730 0.000005 
555 0.001646 0.000004 
556 0.001610 0.000004 
557 0.001645 0.000005 
558 0.001659 0.000005 
559 0.001705 0.000004 
560 0.002087 0.000005 
561 0.001687 0.000005 
562 0.001630 0.000009 
563 0.001634 0.000005 
564 0.001673 0.000005 
565 0.001653 0.000004 
566 0.001750 0.000005 
567 0.001672 0.000004 
568 0.001733 0.000004 
569 0.001684 0.000004 
570 0.001708 0.000005 
571 0.001691 0.000005 
572 0.001703 0.000004 
573 0.001694 0.000004 
574 0.001697 0.000004 
575 0.001741 0.000004 
576 0.001718 0.000005 
577 0.001741 0.000005 
578 0.001837 0.000005 
579 0.001721 0.000004 
580 0.001767 0.000005 
581 0.001761 0.000004 
582 0.001740 0.000004 
583 0.001775 0.000005 
584 0.001810 0.000005 
585 0.001770 0.000004 
586 0.001909 0.000005 
587 0.001801 0.000005 
588 0.001857 0.000005 
589 0.001800 0.000004 
590 0.001791 0.000004 
591 0.001815 0.000004 
592 0.001839 0.000005 
593 0.001827 0.000004 
594 0.002113 0.000004 
595 0.001810 0.000005 
596 0.001843 0.000004 
597 0.001825 0.000005 
598 0.001898 0.000004 
599 0.001833 0.000005 
600 0.001851 0.000005 
601 0.001898 0.000004 
602 0.002221 0.000007 
603 0.001932 0.000005 
604 0.001886 0.000005 
605 0.001874 0.000005 
606 0.002011 0.000005 
607 0.001883 0.000005 
608 0.001953 0.000005 
609 0.001967 0.000005 
610 0.001991 0.000005 
611 0.001933 0.000005 
612 0.001925 0.000005 
613 0.002004 0.000005 
614 0.001914 0.000005 
615 0.001943 0.000005 
616 0.001937 0.000005 
617 0.001962 0.000005 
618 0.002245 0.000005 
619 0.002017 0.000005 
620 0.002011 0.000005 
621 0.002077 0.000004 
622 0.002047 0.000005 
623 0.002019 0.000005 
624 0.002005 0.000005 
625 0.002523 0.000005 
626 0.002030 0.000005 
627 0.002049 0.000005 
628 0.002012 0.000005 
629 0.002071 0.000006 
630 0.002109 0.000005 
631 0.002086 0.000005 
632 0.002370 0.000005 
633 0.002054 0.000009 
634 0.002131 0.000005 
635 0.002076 0.000005 
636 0.002074 0.000005 
637 0.002150 0.000005 
638 0.002073 0.000005 
639 0.002373 0.000005 
640 0.002152 0.000005 
641 0.002119 0.000005 
642 0.002080 0.000005 
643 0.002111 0.000005 
644 0.002108 0.000005 
645 0.002132 0.000005 
646 0.003116 0.000009 
647 0.003447 0.000007 
648 0.002708 0.000005 
649 0.002430 0.000005 
650 0.002158 0.000005 
651 0.002138 0.000009 
652 0.002277 0.000005 
653 0.002181 0.000006 
654 0.002170 0.000005 
655 0.002190 0.000005 
656 0.002187 0.000006 
657 0.002246 0.000005 
658 0.002215 0.000006 
659 0.002262 0.000005 
660 0.002226 0.000005 
661 0.002461 0.000005 
662 0.002219 0.000005 
663 0.002211 0.000005 
664 0.002241 0.000005 
665 0.002345 0.000005 
666 0.002510 0.000007 
667 0.002241 0.000005 
668 0.002270 0.000005 
669 0.002439 0.000005 
670 0.002275 0.000005 
671 0.002247 0.000005 
672 0.002320 0.000005 
673 0.002664 0.000007 
674 0.002294 0.000005 
675 0.002285 0.000006 
676 0.002313 0.000005 
677 0.002350 0.000005 
678 0.002336 0.000005 
679 0.002382 0.000006 
680 0.002380 0.000005 
681 0.002339 0.000005 
682 0.002396 0.000006 
683 0.002338 0.000005 
684 0.002448 0.000006 
685 0.002358 0.000005 
686 0.002424 0.000005 
687 0.002378 0.000005 
688 0.002374 0.000005 
689 0.002392 0.000005 
690 0.002453 0.000005 
691 0.002412 0.000006 
692 0.002861 0.000007 
693 0.002405 0.000005 
694 0.002459 0.000006 
695 0.002408 0.000005 
696 0.002479 0.000005 
697 0.002469 0.000006 
698 0.002808 0.000007 
699 0.002433 0.000006 
700 0.002526 0.000006 
701 0.002498 0.000005 
702 0.002522 0.000006 
703 0.002497 0.000006 
704 0.002730 0.000007 
705 0.002545 0.000006 
706 0.002515 0.000005 
707 0.002550 0.000005 
708 0.002543 0.000005 
709 0.002549 0.000006 
710 0.002734 0.000008 
711 0.002555 0.000006 
712 0.002537 0.000005 
713 0.002528 0.000005 
714 0.002589 0.000006 
715 0.002607 0.000006 
716 0.002809 0.000008 
717 0.002585 0.000006 
718 0.002648 0.000006 
719 0.002632 0.000006 
720 0.002668 0.000006 
721 0.002639 0.000006 
722 0.002653 0.000006 
723 0.002676 0.000006 
724 0.002658 0.000005 
725 0.002654 0.000005 
726 0.002717 0.000006 
727 0.002654 0.000006 
728 0.003044 0.000006 
729 0.002698 0.000005 
730 0.002669 0.000006 
731 0.002721 0.000005 
732 0.002668 0.000006 
733 0.002890 0.000007 
734 0.002709 0.000006 
735 0.002671 0.000006 
736 0.002778 0.000005 
737 0.002758 0.000006 
738 0.002767 0.000006 
739 0.002741 0.000006 
740 0.002793 0.000009 
741 0.002793 0.000006 
742 0.002759 0.000005 
743 0.002818 0.000005 
744 0.003199 0.000006 
745 0.002754 0.000006 
746 0.002839 0.000005 
747 0.002773 0.000006 
748 0.002808 0.000006 
749 0.002775 0.000006 
750 0.003741 0.000010 
751 0.003766 0.000006 
752 0.003844 0.000007 
753 0.004143 0.000008 
754 0.003288 0.000006 
755 0.002818 0.000006 
756 0.002937 0.000006 
757 0.002879 0.000005 
758 0.002855 0.000006 
759 0.002931 0.000006 
760 0.002929 0.000006 
761 0.002898 0.000006 
762 0.002869 0.000006 
763 0.003058 0.000006 
764 0.003110 0.000006 
765 0.002901 0.000006 
766 0.002944 0.000006 
767 0.002927 0.000006 
768 0.002932 0.000006 
769 0.003474 0.000007 
770 0.002952 0.000006 
771 0.002982 0.000006 
772 0.003202 0.000006 
773 0.003056 0.000006 
774 0.003088 0.000006 
775 0.003219 0.000006 
776 0.003029 0.000006 
777 0.003026 0.000006 
778 0.003259 0.000006 
779 0.004021 0.000008 
780 0.003025 0.000006 
781 0.003018 0.000006 
782 0.003112 0.000006 
783 0.003042 0.000006 
784 0.003352 0.000006 
785 0.003111 0.000006 
786 0.003048 0.000006 
787 0.003107 0.000006 
788 0.003230 0.000011 
789 0.003126 0.000006 
790 0.003067 0.000006 
791 0.003168 0.000006 
792 0.003072 0.000006 
793 0.003116 0.000006 
794 0.003141 0.000007 
795 0.003105 0.000006 
796 0.003168 0.000006 
797 0.003146 0.000006 
798 0.003131 0.000006 
799 0.003414 0.000006 
800 0.003180 0.000006 
801 0.003200 0.000006 
802 0.003165 0.000006 
803 0.003550 0.000011 
804 0.003383 0.000007 
805 0.003235 0.000006 
806 0.003250 0.000006 
807 0.003189 0.000009 
808 0.003270 0.000006 
809 0.003268 0.000007 
810 0.003250 0.000006 
811 0.003323 0.000006 
812 0.003275 0.000006 
813 0.003560 0.000006 
814 0.003320 0.000006 
815 0.003463 0.000007 
816 0.003270 0.000006 
817 0.003640 0.000006 
818 0.003413 0.000006 
819 0.003307 0.000006 
820 0.003284 0.000007 
821 0.003325 0.000006 
822 0.003370 0.000006 
823 0.003352 0.000006 
824 0.003318 0.000007 
825 0.003348 0.000006 
826 0.003391 0.000006 
827 0.003499 0.000006 
828 0.003394 0.000007 
829 0.003832 0.000009 
830 0.003430 0.000007 
831 0.004425 0.000007 
832 0.003638 0.000008 
833 0.003440 0.000007 
834 0.004529 0.000006 
835 0.004125 0.000006 
836 0.003669 0.000007 
837 0.003848 0.000007 
838 0.006603 0.000009 
839 0.003858 0.000006 
840 0.005304 0.000010 
841 0.003925 0.000007 
842 0.003922 0.000006 
843 0.003918 0.000007 
844 0.003507 0.000006 
845 0.003556 0.000006 
846 0.005079 0.000009 
847 0.003866 0.000006 
848 0.003572 0.000006 
849 0.003777 0.000007 
850 0.004919 0.000011 
851 0.004434 0.000009 
852 0.004773 0.000010 
853 0.005074 0.000008 
854 0.004549 0.000007 
855 0.003836 0.000006 
856 0.004497 0.000009 
857 0.003695 0.000007 
858 0.003668 0.000007 
859 0.003654 0.000006 
860 0.003616 0.000006 
861 0.004067 0.000006 
862 0.003635 0.000007 
863 0.004064 0.000007 
864 0.004075 0.000008 
865 0.003886 0.000006 
866 0.004312 0.000008 
867 0.003972 0.000007 
868 0.003786 0.000008 
869 0.004183 0.000011 
870 0.003967 0.000007 
871 0.004399 0.000007 
872 0.004639 0.000006 
873 0.004586 0.000009 
874 0.004052 0.000007 
875 0.004080 0.000009 
876 0.004889 0.000012 
877 0.004002 0.000007 
878 0.003983 0.000006 
879 0.005532 0.000006 
880 0.004553 0.000011 
881 0.004020 0.000007 
882 0.003904 0.000012 
883 0.005508 0.000007 
884 0.005496 0.000013 
885 0.006800 0.000011 
886 0.004809 0.000007 
887 0.003929 0.000009 
888 0.003858 0.000007 
889 0.004077 0.000006 
890 0.003884 0.000007 
891 0.003936 0.000007 
892 0.003890 0.000006 
893 0.004200 0.000008 
894 0.003882 0.000007 
895 0.003917 0.000007 
896 0.004065 0.000011 
897 0.004465 0.000007 
898 0.004427 0.000009 
899 0.004670 0.000007 
900 0.004269 0.000007 
901 0.003982 0.000007 
902 0.004484 0.000007 
903 0.004027 0.000007 
904 0.004555 0.000007 
905 0.004050 0.000007 
906 0.004248 0.000007 
907 0.005292 0.000011 
908 0.004617 0.000007 
909 0.004107 0.000007 
910 0.004157 0.000007 
911 0.005015 0.000007 
912 0.004046 0.000007 
913 0.004196 0.000007 
914 0.004415 0.000007 
915 0.004162 0.000013 
916 0.004303 0.000006 
917 0.004099 0.000007 
918 0.004652 0.000011 
919 0.004233 0.000012 
920 0.004192 0.000007 
921 0.004110 0.000007 
922 0.004209 0.000007 
923 0.004116 0.000007 
924 0.004180 0.000007 
925 0.004229 0.000008 
926 0.004223 0.000007 
927 0.004184 0.000007 
928 0.004175 0.000007 
929 0.004698 0.000007 
930 0.004218 0.000007 
931 0.004223 0.000007 
932 0.004395 0.000007 
933 0.004288 0.000007 
934 0.004443 0.000010 
935 0.004265 0.000007 
936 0.004305 0.000007 
937 0.004303 0.000007 
938 0.004753 0.000007 
939 0.004278 0.000007 
940 0.004372 0.000007 
941 0.004456 0.000009 
942 0.004302 0.000007 
943 0.004423 0.000007 
944 0.004356 0.000007 
945 0.005215 0.000008 
946 0.004416 0.000007 
947 0.004473 0.000007 
948 0.004750 0.000010 
949 0.005058 0.000007 
950 0.004376 0.000007 
951 0.004631 0.000007 
952 0.004475 0.000007 
953 0.004763 0.000009 
954 0.004470 0.000007 
955 0.004486 0.000009 
956 0.004530 0.000007 
957 0.004540 0.000008 
958 0.004504 0.000007 
959 0.004511 0.000008 
960 0.005204 0.000007 
961 0.004481 0.000008 
962 0.004681 0.000007 
963 0.004838 0.000008 
964 0.004669 0.000007 
965 0.004644 0.000008 
966 0.004641 0.000007 
967 0.004505 0.000007 
968 0.004718 0.000008 
969 0.004529 0.000007 
970 0.005117 0.000008 
971 0.004614 0.000007 
972 0.004800 0.000007 
973 0.005685 0.000007 
974 0.004612 0.000007 
975 0.004873 0.000008 
976 0.004662 0.000007 
977 0.004798 0.000007 
978 0.004536 0.000007 
979 0.004688 0.000007 
980 0.005558 0.000007 
981 0.004992 0.000007 
982 0.004683 0.000007 
983 0.004751 0.000043 
984 0.005172 0.000007 
985 0.004884 0.000012 
986 0.005031 0.000007 
987 0.004681 0.000008 
988 0.004753 0.000008 
989 0.005105 0.000007 
990 0.004954 0.000008 
991 0.004748 0.000007 
992 0.004987 0.000013 
993 0.004777 0.000008 
994 0.004892 0.000008 
995 0.004900 0.000007 
996 0.005203 0.000008 
997 0.004824 0.000007 
998 0.004910 0.000007 
999 0.004894 0.000007 
1000 0.004931 0.000008 
1001 0.004892 0.000008 
1002 0.005190 0.000008 
1003 0.004849 0.000007 
1004 0.004952 0.000008 
1005 0.005126 0.000007 
1006 0.004962 0.000008 
1007 0.004911 0.000012 
1008 0.004964 0.000007 
1009 0.005021 0.000007 
1010 0.005056 0.000008 
1011 0.006245 0.000008 
1012 0.004935 0.000008 
1013 0.005263 0.000008 
1014 0.005019 0.000007 
1015 0.006149 0.000008 
1016 0.005189 0.000009 
1017 0.005390 0.000009 
1018 0.006113 0.000008 
1019 0.005074 0.000041 
1020 0.005850 0.000007 
1021 0.005070 0.000007 
1022 0.005467 0.000008 
1023 0.005452 0.000008 
1024 0.005111 0.000008 
1025 0.005087 0.000008 
1026 0.005424 0.000008 
1027 0.005161 0.000009 
1028 0.005132 0.000011 
1029 0.005188 0.000007 
1030 0.005090 0.000007 
1031 0.005311 0.000011 
1032 0.005129 0.000008 
1033 0.005157 0.000008 
1034 0.005161 0.000008 
1035 0.005597 0.000008 
1036 0.005171 0.000008 
1037 0.005417 0.000013 
1038 0.005236 0.000008 
1039 0.005193 0.000008 
1040 0.005445 0.000013 
1041 0.005278 0.000008 
1042 0.005235 0.000008 
1043 0.005445 0.000007 
1044 0.005297 0.000008 
1045 0.005306 0.000008 
1046 0.005724 0.000008 
1047 0.005337 0.000008 
1048 0.005535 0.000008 
1049 0.006401 0.000011 
1050 0.005376 0.000008 
1051 0.005778 0.000008 
1052 0.005657 0.000008 
1053 0.005372 0.000008 
1054 0.005371 0.000008 
1055 0.006271 0.000008 
1056 0.005506 0.000008 
1057 0.005727 0.000008 
1058 0.005503 0.000008 
1059 0.005387 0.000008 
1060 0.005830 0.000008 
1061 0.005803 0.000008 
1062 0.005529 0.000008 
1063 0.005976 0.000008 
1064 0.005435 0.000008 
1065 0.005705 0.000008 
1066 0.005860 0.000008 
1067 0.005878 0.000010 
1068 0.006091 0.000010 
1069 0.005484 0.000008 
1070 0.005602 0.000008 
1071 0.005815 0.000010 
1072 0.005877 0.000009 
1073 0.005557 0.000008 
1074 0.005933 0.000008 
1075 0.005941 0.000008 
1076 0.006120 0.000010 
1077 0.007918 0.000013 
1078 0.007633 0.000008 
1079 0.005658 0.000008 
1080 0.005660 0.000008 
1081 0.005954 0.000008 
1082 0.006029 0.000011 
1083 0.005707 0.000009 
1084 0.005939 0.000008 
1085 0.005684 0.000009 
1086 0.005807 0.000008 
1087 0.006243 0.000008 
1088 0.007052 0.000011 
1089 0.007284 0.000012 
1090 0.009156 0.000014 
1091 0.007084 0.000011 
1092 0.005786 0.000012 
1093 0.006809 0.000011 
1094 0.005794 0.000009 
1095 0.006267 0.000011 
1096 0.007671 0.000014 
1097 0.008018 0.000011 
1098 0.006972 0.000009 
1099 0.006756 0.000011 
1100 0.006580 0.000009 
1101 0.006276 0.000011 
1102 0.006136 0.000010 
1103 0.006043 0.000009 
1104 0.005912 0.000008 
1105 0.006908 0.000011 
1106 0.007183 0.000009 
1107 0.006031 0.000008 
1108 0.006160 0.000008 
1109 0.006054 0.000008 
1110 0.006422 0.000008 
1111 0.006065 0.000008 
1112 0.006035 0.000008 
1113 0.006064 0.000008 
1114 0.006420 0.000009 
1115 0.006001 0.000010 
1116 0.006000 0.000009 
1117 0.006512 0.000009 
1118 0.005989 0.000008 
1119 0.006037 0.000008 
1120 0.006166 0.000008 
1121 0.006121 0.000009 
1122 0.006534 0.000010 
1123 0.006875 0.000011 
1124 0.007431 0.000009 
1125 0.006579 0.000009 
1126 0.006144 0.000008 
1127 0.006443 0.000009 
1128 0.006105 0.000009 
1129 0.007423 0.000008 
1130 0.006300 0.000009 
1131 0.006427 0.000008 
1132 0.006568 0.000009 
1133 0.006350 0.000009 
1134 0.006600 0.000009 
1135 0.006191 0.000013 
1136 0.006300 0.000009 
1137 0.006252 0.000009 
1138 0.006441 0.000009 
1139 0.006272 0.000008 
1140 0.006352 0.000009 
1141 0.006330 0.000009 
1142 0.006828 0.000011 
1143 0.006528 0.000008 
1144 0.006413 0.000008 
1145 0.006941 0.000011 
1146 0.006450 0.000009 
1147 0.007208 0.000009 
1148 0.006390 0.000008 
1149 0.006807 0.000011 
1150 0.006389 0.000009 
1151 0.006366 0.000009 
1152 0.007415 0.000009 
1153 0.006690 0.000012 
1154 0.006430 0.000009 
1155 0.006396 0.000009 
1156 0.006932 0.000013 
1157 0.006562 0.000010 
1158 0.006637 0.000009 
1159 0.006676 0.000008 
1160 0.006553 0.000009 
1161 0.006503 0.000009 
1162 0.006589 0.000009 
1163 0.006896 0.000008 
1164 0.006534 0.000009 
1165 0.006601 0.000009 
1166 0.006686 0.000009 
1167 0.006554 0.000009 
1168 0.006843 0.000008 
1169 0.008741 0.000011 
1170 0.007071 0.000009 
1171 0.006880 0.000009 
1172 0.007916 0.000009 
1173 0.007057 0.000009 
1174 0.007509 0.000008 
1175 0.006823 0.000009 
1176 0.008110 0.000012 
1177 0.006933 0.000009 
1178 0.007592 0.000012 
1179 0.006778 0.000009 
1180 0.006691 0.000009 
1181 0.006795 0.000009 
1182 0.006731 0.000009 
1183 0.007131 0.000009 
1184 0.006684 0.000009 
1185 0.006951 0.000009 
1186 0.006731 0.000009 
1187 0.006827 0.000009 
1188 0.006747 0.000009 
1189 0.006810 0.000009 
1190 0.007038 0.000009 
1191 0.006823 0.000009 
1192 0.007162 0.000010 
1193 0.007356 0.000009 
1194 0.008036 0.000009 
1195 0.007526 0.000009 
1196 0.007046 0.000009 
1197 0.007260 0.000009 
1198 0.008101 0.000045 
1199 0.006997 0.000014 
1200 0.006975 0.000009 
1201 0.006893 0.000009 
1202 0.006978 0.000009 
1203 0.006977 0.000009 
1204 0.006998 0.000009 
1205 0.009163 0.000011 
1206 0.007002 0.000009 
1207 0.007062 0.000009 
1208 0.007018 0.000009 
1209 0.007398 0.000009 
1210 0.007048 0.000010 
1211 0.007201 0.000009 
1212 0.007299 0.000012 
1213 0.007647 0.000009 
1214 0.007133 0.000009 
1215 0.007240 0.000009 
1216 0.007077 0.000009 
1217 0.007074 0.000008 
1218 0.007127 0.000009 
1219 0.007427 0.000009 
1220 0.007192 0.000014 
1221 0.007244 0.000009 
1222 0.007207 0.000009 
1223 0.007224 0.000009 
1224 0.007230 0.000009 
1225 0.007644 0.000009 
1226 0.007177 0.000009 
1227 0.007260 0.000009 
1228 0.007270 0.000010 
1229 0.007202 0.000009 
1230 0.007519 0.000009 
1231 0.007272 0.000009 
1232 0.007790 0.000009 
1233 0.007257 0.000009 
1234 0.007566 0.000009 
1235 0.007336 0.000009 
1236 0.007324 0.000009 
1237 0.007344 0.000009 
1238 0.007350 0.000009 
1239 0.007393 0.000009 
1240 0.007622 0.000009 
1241 0.007381 0.000009 
1242 0.007727 0.000009 
1243 0.007431 0.000009 
1244 0.007682 0.000009 
1245 0.007423 0.000010 
1246 0.007465 0.000009 
1247 0.007464 0.000010 
1248 0.007572 0.000010 
1249 0.007481 0.000010 
1250 0.007499 0.000010 
1251 0.007655 0.000010 
1252 0.007499 0.000009 
1253 0.007494 0.000009 
1254 0.007578 0.000010 
1255 0.007567 0.000009 
1256 0.007508 0.000009 
1257 0.007906 0.000010 
1258 0.007583 0.000009 
1259 0.007719 0.000009 
1260 0.007552 0.000009 
1261 0.007910 0.000009 
1262 0.007646 0.000009 
1263 0.008224 0.000014 
1264 0.007701 0.000009 
1265 0.007701 0.000009 
1266 0.007802 0.000010 
1267 0.008179 0.000009 
1268 0.007722 0.000010 
1269 0.007755 0.000009 
1270 0.007700 0.000009 
1271 0.007805 0.000010 
1272 0.007787 0.000010 
1273 0.009156 0.000012 
1274 0.007807 0.000010 
1275 0.007797 0.000009 
1276 0.007869 0.000010 
1277 0.008533 0.000013 
1278 0.007806 0.000009 
1279 0.007792 0.000010 
1280 0.009847 0.000012 
1281 0.008414 0.000010 
1282 0.007831 0.000009 
1283 0.008218 0.000011 
1284 0.007922 0.000014 
1285 0.008196 0.000009 
1286 0.008032 0.000010 
1287 0.008338 0.000010 
1288 0.008099 0.000010 
1289 0.008523 0.000009 
1290 0.008147 0.000009 
1291 0.008480 0.000010 
1292 0.008164 0.000010 
1293 0.008095 0.000010 
1294 0.008090 0.000010 
1295 0.008477 0.000010 
1296 0.008048 0.000009 
1297 0.008179 0.000010 
1298 0.008102 0.000010 
1299 0.008436 0.000010 
1300 0.008360 0.000013 
1301 0.008249 0.000010 
1302 0.009641 0.000010 
1303 0.008178 0.000010 
1304 0.008566 0.000010 
1305 0.008116 0.000010 
1306 0.008209 0.000010 
1307 0.008134 0.000010 
1308 0.008172 0.000010 
1309 0.008198 0.000009 
1310 0.008478 0.000010 
1311 0.008624 0.000012 
1312 0.008351 0.000011 
1313 0.008406 0.000010 
1314 0.008412 0.000010 
1315 0.008905 0.000010 
1316 0.008412 0.000009 
1317 0.008646 0.000009 
1318 0.008376 0.000010 
1319 0.008605 0.000010 
1320 0.008417 0.000010 
1321 0.008552 0.000009 
1322 0.008861 0.000010 
1323 0.008713 0.000010 
1324 0.009308 0.000012 
1325 0.008487 0.000010 
1326 0.008549 0.000009 
1327 0.008509 0.000016 
1328 0.008903 0.000018 
1329 0.009042 0.000010 
1330 0.008507 0.000010 
1331 0.008510 0.000009 
1332 0.008462 0.000010 
1333 0.008846 0.000013 
1334 0.008704 0.000010 
1335 0.009186 0.000013 
1336 0.010156 0.000014 
1337 0.009503 0.000010 
1338 0.010274 0.000014 
1339 0.009355 0.000011 
1340 0.009570 0.000010 
1341 0.009214 0.000010 
1342 0.009975 0.000013 
1343 0.008797 0.000010 
1344 0.009186 0.000010 
1345 0.008639 0.000010 
1346 0.009127 0.000010 
1347 0.008922 0.000010 
1348 0.008802 0.000015 
1349 0.008977 0.000010 
1350 0.008873 0.000010 
1351 0.009197 0.000011 
1352 0.009051 0.000013 
1353 0.010302 0.000010 
1354 0.009233 0.000013 
1355 0.008963 0.000012 
1356 0.009215 0.000013 
1357 0.008874 0.000010 
1358 0.008988 0.000010 
1359 0.009034 0.000013 
1360 0.008921 0.000010 
1361 0.009102 0.000016 
1362 0.009020 0.000010 
1363 0.009954 0.000010 
1364 0.009936 0.000012 
1365 0.009823 0.000010 
1366 0.010006 0.000014 
1367 0.009377 0.000011 
1368 0.009793 0.000010 
1369 0.009627 0.000010 
1370 0.009189 0.000011 
1371 0.009145 0.000010 
1372 0.009078 0.000010 
1373 0.009438 0.000011 
1374 0.010067 0.000010 
1375 0.009848 0.000012 
1376 0.009362 0.000011 
1377 0.009271 0.000010 
1378 0.009373 0.000010 
1379 0.009146 0.000011 
1380 0.009073 0.000010 
1381 0.009243 0.000010 
1382 0.009111 0.000011 
1383 0.009158 0.000010 
1384 0.009426 0.000010 
1385 0.009113 0.000010 
1386 0.009457 0.000010 
1387 0.009278 0.000013 
1388 0.009417 0.000011 
1389 0.009569 0.000011 
1390 0.009345 0.000010 
1391 0.009551 0.000015 
1392 0.010179 0.000018 
1393 0.009377 0.000010 
1394 0.009770 0.000011 
1395 0.009392 0.000010 
1396 0.009391 0.000011 
1397 0.009973 0.000012 
1398 0.009519 0.000010 
1399 0.009297 0.000010 
1400 0.009607 0.000010 
1401 0.009785 0.000012 
1402 0.009620 0.000010 
1403 0.009843 0.000011 
1404 0.009730 0.000010 
1405 0.009622 0.000011 
1406 0.009906 0.000010 
1407 0.009841 0.000011 
1408 0.010210 0.000010 
1409 0.009537 0.000013 
1410 0.011305 0.000016 
1411 0.009875 0.000011 
1412 0.009515 0.000015 
1413 0.009872 0.000011 
1414 0.009802 0.000011 
1415 0.009731 0.000010 
1416 0.010357 0.000014 
1417 0.009997 0.000013 
1418 0.009620 0.000011 
1419 0.009881 0.000010 
1420 0.009666 0.000010 
1421 0.009696 0.000011 
1422 0.009785 0.000011 
1423 0.009676 0.000011 
1424 0.009723 0.000011 
1425 0.009753 0.000010 
1426 0.009741 0.000010 
1427 0.010151 0.000010 
1428 0.009802 0.000011 
1429 0.010211 0.000011 
1430 0.010181 0.000014 
1431 0.009942 0.000011 
1432 0.010313 0.000011 
1433 0.010122 0.000